121 9
121 10
25 1
122 6
122 9
121 8
59 7
121 7
121 5
122 7
59 9
121 6
59 4
59 6
122 8
123 9
121 1
122 5
122 4
59 8
121 4
111 5
25 4
80 4
59 5
121 2
111 2
111 9
1 6
121 3
122 10
111 6
59 2
122 2
59 3
59 1
111 7
8 7
59 10
96 9
129 5
122 0
25 5
122 1
122 3
25 3
62 7
12 6
129 8
117 5
25 8
12 9
62 6
25 7
12 1
111 1
59 0
25 6
12 7
111 8
128 6
25 2
117 3
12 2
57 9
12 3
57 6
12 4
12 5
121 0
117 7
111 10
65 6
111 4
119 2
45 8
103 8
96 10
10 7
10 10
74 1
6 7
47 8
12 8
32 5
4 5
119 1
45 9
32 4
65 8
45 6
89 7
73 9
111 0
84 8
84 7
1 9
8 8
57 8
43 8
115 7
0 7
89 10
89 5
10 9
89 8
43 10
10 5
117 8
45 7
115 9
37 7
117 10
117 9
117 6
10 8
45 5
119 3
1 7
115 6
3 4
89 9
4 3
10 4
25 10
119 5
77 6
13 6
25 9
86 3
45 0
47 9
12 10
119 0
128 9
3 9
41 5
129 9
13 3
2 7
111 3
13 5
57 10
48 7
4 4
85 8
11 5
33 7
84 10
103 5
50 5
124 5
73 7
75 7
58 2
89 6
117 4
119 4
8 9
129 1
6 9
13 0
80 7
129 7
85 7
13 4
46 10
1 5
73 8
85 9
84 9
86 7
32 10
1 8
84 6
10 6
65 7
32 6
13 1
107 4
128 7
65 9
74 3
71 7
0 9
24 4
0 8
129 6
117 2
62 8
47 7
51 2
89 4
86 6
1 10
35 7
43 9
74 4
84 4
58 4
112 6
1 4
71 9
23 6
128 8
49 7
13 2
45 2
31 9
57 7
48 3
124 6
0 6
32 3
10 3
74 0
24 5
4 8
40 7
45 1
8 6
0 10
6 5
3 7
32 7
124 7
109 6
51 5
67 6
74 5
4 7
65 4
115 4
107 10
110 7
3 8
75 6
64 4
1 2
117 1
20 5
25 0
84 5
43 7
13 7
107 8
11 4
55 7
3 6
128 3
41 6
9 6
123 5
107 9
3 3
119 10
102 5
45 4
65 10
85 6
106 4
75 5
75 9
13 8
4 6
60 6
41 4
24 7
82 6
35 4
124 8
110 10
86 8
102 8
65 5
53 7
4 9
55 3
17 10
6 10
81 7
93 6
51 3
65 1
110 6
58 1
45 3
73 5
100 8
58 3
103 7
64 8
115 8
35 6
119 6
74 2
14 6
55 8
108 5
109 10
103 6
41 2
67 9
65 3
26 6
115 5
35 8
107 6
91 9
99 6
23 10
123 7
35 9
127 6
57 4
93 10
72 8
27 4
57 5
50 9
128 5
16 5
107 7
123 8
15 4
50 7
24 1
95 9
33 6
6 6
9 7
2 6
78 3
99 9
129 2
58 6
96 8
29 4
20 8
48 8
12 0
129 3
70 6
72 10
55 1
55 4
5 5
102 7
20 4
6 8
100 7
46 7
74 9
100 6
13 10
110 9
24 8
82 7
93 7
128 10
14 10
81 10
3 5
86 5
15 5
17 2
86 4
123 6
14 9
33 4
86 9
115 10
103 9
11 1
49 9
5 0
7 5
11 6
99 7
1 3
58 7
82 4
8 5
87 7
91 7
129 4
61 10
46 6
53 9
23 5
65 2
28 7
24 6
73 6
72 7
64 7
11 3
7 7
6 2
96 6
46 9
87 6
36 7
73 4
7 6
103 3
58 5
75 8
2 10
51 4
23 7
53 6
15 2
82 3
62 4
5 4
123 1
127 8
83 7
33 3
128 4
70 5
23 8
15 6
33 9
82 9
129 10
23 4
11 7
43 5
31 7
26 9
106 7
72 5
55 9
62 3
126 6
89 3
98 1
98 9
98 7
98 8
98 3
35 5
98 6
98 5
35 10
98 10
35 3
63 7
63 6
63 9
45 10
48 10
48 5
48 6
96 5
48 9
79 10
48 4
56 5
91 10
85 5
79 6
67 5
10 2
79 8
6 4
79 7
23 9
6 0
96 7
79 9
119 7
13 9
6 1
90 7
10 1
34 5
28 10
128 2
66 8
1 0
125 7
27 6
90 8
119 9
61 9
47 6
32 8
6 3
1 1
90 9
48 2
9 5
90 5
4 2
72 9
114 5
32 9
15 1
96 4
60 7
126 8
36 10
119 8
97 9
5 3
79 5
49 5
8 10
97 8
51 7
34 7
96 3
90 4
9 8
31 8
56 9
16 6
40 10
53 8
24 0
104 9
112 8
18 7
97 5
79 4
85 3
90 6
96 2
16 4
104 8
46 5
60 9
75 10
38 10
120 5
24 10
56 6
47 5
46 8
2 8
91 5
87 9
125 10
19 7
15 3
90 1
29 10
44 7
56 7
49 6
38 8
7 4
38 7
15 0
5 1
56 8
80 6
91 6
5 2
112 4
110 5
81 5
19 6
34 6
99 8
72 6
112 9
112 7
52 9
38 9
112 5
120 6
127 4
73 10
126 7
83 5
99 5
49 10
116 7
53 5
71 10
67 7
0 5
86 2
33 8
64 9
16 1
41 7
62 9
62 5
52 6
67 8
80 10
9 4
30 10
110 8
28 9
81 3
109 7
40 6
78 4
127 1
126 9
28 6
66 9
67 10
93 5
8 4
127 9
9 9
78 5
41 10
92 8
100 5
24 3
83 9
60 5
81 2
24 9
127 7
41 9
64 1
69 4
88 7
83 6
95 8
80 9
81 4
109 5
63 4
44 6
30 8
62 10
54 4
56 10
16 7
78 2
127 5
49 8
7 10
38 5
43 4
36 6
61 7
22 7
7 8
20 6
44 9
30 9
106 6
80 5
83 8
24 2
31 10
69 10
34 9
81 9
93 4
93 9
41 3
22 4
7 9
27 3
41 8
68 2
55 5
100 4
102 6
94 5
33 10
39 5
38 4
53 4
16 2
81 8
62 2
42 7
70 9
17 1
54 10
77 7
30 6
81 6
120 7
54 6
31 6
123 10
38 6
54 7
127 3
34 3
28 5
70 7
113 10
44 4
60 4
105 8
109 8
43 6
18 10
18 9
70 10
106 5
108 7
103 10
17 6
18 4
3 10
19 10
31 4
95 7
27 5
17 7
36 5
15 7
127 10
36 9
76 9
100 9
37 9
17 9
9 10
118 7
46 4
2 9
113 6
33 5
50 6
98 4
109 9
118 6
126 4
14 7
43 2
114 6
34 8
99 4
21 7
92 9
52 7
31 5
11 2
60 10
29 7
14 8
69 9
85 10
83 10
77 9
42 8
44 10
80 2
51 6
50 4
2 5
53 10
37 0
4 10
20 9
128 1
102 9
52 5
126 10
95 6
22 6
69 8
47 10
112 10
40 5
61 4
55 2
92 10
21 8
52 4
118 10
30 7
54 1
88 10
107 5
16 3
64 6
104 4
88 8
39 9
109 4
76 6
15 10
26 5
81 1
27 2
54 9
68 6
75 4
118 9
104 6
116 8
39 7
60 3
34 4
63 10
64 5
78 7
77 10
112 3
29 6
127 2
17 8
76 7
20 7
60 8
55 0
114 3
18 8
78 6
15 8
36 8
97 7
114 7
125 9
29 8
68 7
93 8
91 8
106 9
38 2
17 5
47 4
100 10
87 8
5 6
105 9
34 2
120 9
113 9
38 1
61 8
50 2
44 5
5 7
105 6
99 10
30 4
80 8
40 9
90 2
105 7
21 9
19 9
42 9
50 1
95 5
54 5
49 3
26 7
31 2
94 6
76 10
39 6
85 4
16 8
103 4
68 3
2 4
16 10
78 1
22 8
19 8
74 7
69 6
11 8
21 6
105 10
90 10
43 3
108 9
37 10
21 3
26 8
85 1
29 5
49 4
126 5
36 1
63 8
104 10
84 3
91 4
94 7
16 9
120 8
66 6
73 1
74 6
28 8
71 6
87 5
108 4
27 7
29 9
97 10
30 5
92 7
36 4
52 8
106 3
107 2
124 9
50 3
68 5
19 5
51 8
88 5
26 10
58 8
94 4
22 5
69 7
18 6
35 2
37 8
82 8
34 10
114 10
82 5
90 3
116 5
92 4
125 8
97 6
70 4
108 6
103 2
14 5
38 3
37 6
57 3
106 2
108 8
104 7
40 8
17 3
22 9
19 4
85 2
64 2
93 3
83 4
44 8
102 10
58 10
47 3
28 4
94 10
86 1
80 3
107 3
86 10
50 8
52 10
81 0
67 4
20 10
68 4
52 2
21 10
116 9
56 4
125 6
42 10
22 10
93 1
17 4
39 8
46 3
80 1
63 5
22 3
124 4
114 4
27 0
116 6
117 0
66 7
92 6
15 9
76 5
118 8
28 3
28 1
21 5
22 2
114 8
98 2
31 3
0 4
72 4
82 10
71 8
41 1
8 3
54 3
77 8
42 6
27 9
54 2
33 1
88 9
42 2
31 0
88 6
97 4
58 9
106 1
66 5
68 8
52 3
104 5
124 3
78 10
78 9
72 2
61 6
87 10
40 4
65 0
23 3
113 7
76 8
70 8
26 3
113 5
31 1
105 5
112 2
110 2
26 4
118 5
124 2
42 1
42 5
43 1
89 1
68 9
3 1
60 2
27 8
94 9
64 3
27 1
120 10
92 5
51 10
5 9
18 1
94 8
9 3
53 3
95 10
8 2
55 6
120 4
95 3
123 3
61 5
94 1
70 3
44 3
37 5
67 1
93 0
93 2
51 9
74 10
23 2
39 4
42 3
113 4
54 8
94 3
97 3
3 0
50 0
87 3
102 4
36 3
105 4
77 1
33 0
26 1
3 2
66 4
78 0
115 2
29 2
8 1
52 1
77 4
88 4
103 1
114 9
84 1
78 8
40 2
99 3
124 10
110 4
83 3
42 4
27 10
106 10
11 10
47 1
40 1
77 5
33 2
64 10
62 1
75 3
113 2
69 5
21 4
123 4
68 10
74 8
29 0
28 2
7 3
39 10
85 0
40 3
47 0
68 1
116 4
66 10
36 2
92 3
39 3
26 0
64 0
116 10
