111 7
111 5
111 8
111 4
111 9
111 6
111 0
110 8
111 1
111 2
111 10
111 3
110 6
55 2
55 4
55 7
55 9
55 6
55 5
55 8
55 1
55 3
55 10
1 9
55 0
110 4
110 7
89 9
12 6
102 4
102 5
102 6
102 8
102 9
102 7
102 0
102 2
102 1
22 4
22 7
22 5
22 3
22 6
102 3
102 10
22 2
22 1
22 8
22 10
22 9
22 0
9 7
11 2
110 9
107 3
107 2
94 5
11 5
11 1
11 3
11 4
110 5
4 6
12 1
107 9
11 6
107 4
107 1
107 6
11 7
110 10
12 4
9 9
78 7
107 8
110 3
54 2
51 1
54 4
11 0
82 9
29 7
107 10
107 5
54 1
107 7
1 7
82 10
33 7
94 3
11 8
54 5
2 10
11 9
42 5
32 8
32 6
32 9
32 7
89 10
89 8
9 8
9 10
9 6
9 5
9 4
89 5
9 3
9 2
1 6
1 5
1 8
1 4
1 3
1 10
42 8
42 6
108 0
42 0
108 5
108 1
108 2
108 4
108 3
42 9
108 6
108 7
108 9
42 3
42 7
42 4
45 8
45 9
45 6
45 5
45 7
45 10
108 10
45 3
45 4
45 2
108 8
42 1
78 8
12 0
12 5
12 2
12 3
12 7
42 2
79 6
12 8
6 6
6 9
6 2
6 1
6 7
6 0
6 3
6 5
6 4
79 8
12 10
6 8
61 6
61 9
61 5
61 8
61 7
61 3
0 10
61 4
61 10
11 10
63 9
117 8
32 10
0 9
0 7
61 2
0 8
0 6
29 6
20 8
1 2
3 9
3 7
3 4
3 8
68 9
68 5
3 6
32 5
3 5
68 7
82 6
82 7
68 6
68 10
68 8
82 8
6 10
68 4
44 9
44 7
44 8
82 5
44 6
78 9
78 10
3 10
78 5
78 6
56 9
0 5
30 7
78 4
43 4
82 4
29 5
32 3
29 9
29 4
29 8
43 7
43 9
29 3
43 6
43 5
43 10
43 8
78 3
61 1
68 1
44 5
29 10
82 3
118 7
118 6
118 9
118 8
67 7
91 7
118 3
79 7
79 9
118 4
118 5
79 5
103 7
117 9
117 5
118 10
117 7
117 6
44 10
117 10
118 1
117 4
32 2
118 2
103 6
103 4
79 1
103 8
28 9
28 7
103 9
28 6
83 8
28 8
103 5
28 10
117 2
86 6
79 4
48 5
79 10
101 9
86 9
28 5
63 7
117 3
28 4
79 2
86 7
86 3
103 3
44 3
86 10
103 10
63 6
86 4
50 9
4 4
4 5
50 7
4 8
4 7
50 6
46 9
105 8
50 5
4 3
50 4
50 10
79 3
4 9
21 4
50 8
67 9
67 10
67 6
15 6
32 4
43 3
67 5
67 8
101 8
101 7
101 10
101 6
21 5
21 3
86 5
21 6
21 7
21 10
58 5
58 6
58 4
58 7
38 4
38 6
58 9
38 5
38 3
21 9
38 7
21 1
15 5
58 10
21 2
15 7
38 2
15 9
86 8
38 9
58 3
15 2
90 5
21 8
101 5
47 5
90 6
58 2
15 4
90 7
58 8
40 7
40 9
40 6
59 7
15 3
90 2
117 1
40 8
40 10
21 0
40 5
59 9
53 9
53 7
46 7
38 8
28 3
46 6
15 10
67 4
53 8
46 8
46 4
53 6
38 1
24 5
53 5
53 10
53 4
4 10
40 4
75 7
75 6
75 4
46 10
90 3
75 5
75 8
75 10
59 8
75 9
15 1
75 2
105 9
15 8
76 7
105 10
105 6
48 4
46 5
75 3
48 3
105 7
38 10
35 8
35 9
35 7
90 8
35 10
105 5
48 7
39 2
63 10
90 9
63 8
28 0
35 2
35 6
39 9
63 5
54 9
54 6
73 5
35 1
92 8
92 7
24 2
75 1
48 6
35 4
92 10
54 3
39 8
52 7
52 6
100 10
104 5
40 2
52 10
64 10
92 9
100 6
100 7
100 5
35 5
87 5
59 6
39 6
92 6
93 7
67 2
64 7
100 8
93 10
52 5
87 6
90 4
93 9
40 3
100 9
84 7
64 6
2 5
93 8
93 6
2 8
84 8
25 10
84 9
25 6
87 4
2 7
94 10
100 4
2 6
104 7
112 10
83 7
54 10
83 9
25 8
112 6
64 8
35 3
41 6
47 4
25 9
94 9
112 9
83 6
94 4
83 2
2 4
112 8
83 10
41 7
80 6
83 5
41 4
39 7
2 9
59 5
91 6
91 9
25 4
59 4
92 5
91 4
80 3
112 7
114 7
80 5
14 5
52 9
7 7
7 6
19 6
91 8
80 7
7 4
7 8
19 10
80 8
14 4
41 5
25 7
47 9
84 6
7 9
24 4
65 5
18 7
65 9
80 4
18 6
66 10
7 5
25 5
94 7
64 9
52 8
99 6
19 5
88 9
88 6
13 10
114 9
73 4
14 3
73 3
47 7
87 10
80 9
88 7
104 6
86 1
66 9
109 6
18 5
71 8
13 7
13 6
28 1
19 8
19 7
94 6
63 4
19 9
47 2
73 2
51 3
90 1
18 8
83 4
36 9
26 7
13 9
56 7
36 6
65 7
71 7
56 5
56 6
71 9
88 8
99 7
48 8
25 3
109 9
99 9
18 9
7 10
91 5
34 9
56 10
56 8
24 6
103 2
8 10
34 7
51 4
88 5
17 9
26 9
56 4
71 5
60 1
47 1
31 4
69 1
60 8
101 2
65 6
60 6
47 6
31 9
49 5
84 5
16 7
73 1
16 9
17 7
56 3
16 10
49 6
97 5
49 10
114 10
69 2
49 9
14 8
49 4
23 10
109 7
97 6
34 8
8 7
8 5
31 5
51 5
8 6
65 4
26 10
66 7
8 8
49 7
94 8
26 8
8 9
73 6
23 9
97 4
14 6
39 1
14 1
26 4
53 3
39 5
98 7
76 8
60 5
98 9
16 8
114 8
98 8
98 5
23 4
8 4
51 2
98 6
40 1
17 6
76 9
60 9
10 5
5 4
5 3
23 7
5 1
73 7
104 8
10 6
5 2
115 8
19 4
115 9
115 5
84 10
65 10
70 7
70 9
70 8
115 7
91 10
26 6
76 6
16 5
36 7
14 2
16 6
115 6
5 5
115 10
109 8
96 7
72 9
69 3
17 8
41 9
16 2
72 6
60 4
10 4
49 3
56 2
24 8
87 9
30 6
30 5
93 5
106 7
30 9
30 10
60 3
70 6
30 8
104 4
24 3
99 5
5 0
14 9
24 1
98 4
34 10
72 10
99 8
49 8
62 9
81 6
31 6
76 4
109 10
30 4
31 7
72 7
69 0
47 3
116 8
116 7
27 9
48 10
66 8
116 5
27 6
5 9
70 10
116 4
59 10
17 1
27 7
85 10
116 9
116 6
81 9
17 10
85 6
49 2
83 1
30 1
98 3
116 10
87 8
54 7
8 3
41 10
113 8
98 10
20 9
20 6
116 3
20 7
30 3
51 7
20 4
69 4
113 5
109 5
50 3
20 5
20 10
80 10
85 9
48 2
71 6
5 6
62 6
113 7
25 1
113 6
69 7
81 8
106 6
36 8
10 3
23 8
60 7
88 10
77 4
77 9
81 7
16 4
77 7
31 8
77 8
96 10
19 3
13 8
27 5
77 5
51 6
23 6
77 6
69 6
109 4
81 10
72 8
97 2
87 7
113 9
10 7
88 3
62 8
34 6
106 8
106 9
112 3
23 5
51 9
83 3
66 6
74 6
74 4
77 10
27 10
87 1
65 3
57 10
62 5
57 9
57 7
41 3
74 10
16 1
74 7
34 5
63 1
47 8
14 0
85 5
27 4
69 5
14 7
60 2
31 3
106 5
74 9
104 3
74 5
4 2
74 8
57 8
73 10
57 6
85 7
37 9
115 4
114 6
27 8
76 5
112 5
84 4
16 3
116 1
74 3
48 9
116 2
31 2
51 0
70 5
95 9
69 10
33 6
33 10
85 8
41 8
20 2
95 5
36 4
33 5
96 9
39 3
33 1
24 9
95 7
33 9
92 4
87 3
65 8
37 10
24 7
85 4
95 8
26 5
36 5
73 9
18 10
47 0
97 3
95 4
96 8
81 3
93 4
113 4
33 8
33 3
39 10
95 10
96 4
33 4
14 10
72 1
52 4
30 0
23 1
89 6
97 7
96 6
80 2
62 4
34 0
73 0
105 2
26 2
70 4
49 1
24 0
72 4
94 1
31 10
94 2
10 1
105 4
13 5
10 2
104 9
95 6
73 8
81 5
91 3
113 10
77 3
74 2
39 4
97 9
18 4
24 10
97 10
10 10
76 3
104 10
17 4
54 8
72 5
23 3
99 4
30 2
60 10
70 3
57 5
64 5
37 7
71 10
62 7
112 4
69 8
26 0
25 2
7 3
36 10
106 4
62 10
33 2
85 3
74 1
36 3
23 0
60 0
106 10
57 4
