34 111
34 110
9 55
32 55
49 55
34 55
34 1
32 110
3 55
32 89
32 12
23 55
95 55
76 55
46 55
26 55
52 102
50 55
31 22
14 102
31 111
13 55
101 55
77 55
34 9
9 11
9 107
9 94
41 111
26 111
8 111
77 110
34 4
87 111
97 111
47 102
76 110
13 110
30 111
98 55
31 110
25 110
3 110
50 110
15 111
26 110
28 110
55 111
29 110
46 110
34 22
95 111
42 111
3 111
32 107
43 55
32 9
58 111
32 78
75 110
8 110
102 110
55 55
68 110
21 55
51 110
56 110
9 54
9 51
51 111
4 55
63 55
39 55
32 82
21 110
96 110
34 29
39 110
90 111
55 110
76 111
13 111
101 111
32 11
10 110
21 111
37 55
95 102
102 111
79 55
85 55
47 55
9 33
44 110
32 2
23 111
6 111
86 111
60 111
32 42
23 110
72 110
75 32
26 89
26 9
30 89
95 1
29 89
3 11
76 42
82 89
87 108
34 108
33 45
77 89
11 89
8 89
11 42
86 42
97 42
26 78
66 42
44 12
54 42
28 89
39 42
33 11
90 42
10 89
91 42
13 42
69 42
42 42
26 79
23 42
39 6
70 1
22 1
61 1
77 42
97 89
68 42
101 1
33 79
99 42
55 1
47 89
4 89
79 1
50 12
50 61
36 42
93 89
6 42
26 0
46 107
50 63
26 29
32 117
101 0
34 20
47 3
4 68
29 82
74 11
47 44
55 78
98 110
32 56
55 30
26 43
30 29
34 78
55 61
90 43
32 79
63 110
32 61
98 118
34 67
34 91
8 79
3 103
23 117
16 32
63 28
75 83
7 86
26 48
39 79
26 101
29 55
68 43
98 0
67 50
58 4
75 46
76 43
49 11
34 105
76 21
97 67
4 15
10 101
92 110
45 21
101 118
9 46
51 58
62 38
51 0
67 21
60 15
6 90
86 43
3 47
98 58
90 40
90 59
32 91
77 53
16 46
34 24
99 75
21 105
51 76
18 48
51 118
0 35
83 63
9 53
0 39
70 54
60 24
63 73
52 92
34 21
26 46
5 11
101 58
40 52
22 100
67 104
92 64
60 68
45 87
12 93
64 55
94 21
92 55
67 111
99 6
83 84
19 2
102 21
59 25
71 94
86 112
94 83
61 41
35 47
26 104
64 80
41 91
34 32
87 117
81 114
45 14
102 7
85 19
20 107
58 1
9 21
45 24
80 65
38 18
11 66
95 41
43 99
73 88
1 13
24 73
31 35
20 109
20 71
34 19
96 51
14 36
90 28
56 26
2 56
67 87
9 117
15 34
34 101
102 8
91 17
69 60
54 31
65 69
100 49
13 16
62 107
78 97
27 23
84 8
67 14
28 3
27 98
53 76
101 63
78 10
79 5
41 29
63 24
13 21
57 115
77 70
55 84
5 96
48 72
70 107
16 79
51 117
88 30
86 40
17 106
27 0
13 38
67 24
72 62
77 81
93 116
68 27
36 85
63 21
42 113
28 20
13 3
75 28
95 4
99 79
21 29
68 77
60 12
32 28
34 14
74 111
75 21
42 74
6 57
29 101
68 67
53 80
68 40
90 67
97 6
28 57
48 37
26 21
102 11
41 18
102 46
4 58
45 56
49 95
88 46
59 33
81 3
11 90
22 37
13 15
56 37
48 4
64 76
51 75
34 63
61 109
34 65
71 55
51 86
34 35
47 101
18 89
37 49
34 76
94 28
95 100
98 60
84 7
75 7
34 56
26 74
41 14
6 89
13 43
34 112
63 5
57 79
51 16
4 115
34 87
72 56
80 79
13 78
15 2
101 80
70 100
72 113
74 55
13 68
34 25
8 115
57 25
9 80
89 37
75 112
47 83
41 15
60 104
89 25
69 118
6 45
53 58
57 4
21 18
26 16
95 25
26 17
3 14
86 110
14 12
65 107
14 110
13 61
32 16
13 29
50 25
20 9
1 101
34 3
47 56
78 68
17 61
75 87
94 32
26 20
69 38
6 1
63 83
68 101
32 47
95 80
90 27
88 50
1 82
90 8
10 8
6 110
26 91
28 82
6 67
6 66
