35 121
34 25
37 122
11 59
98 123
56 111
45 80
110 1
29 122
33 122
69 8
29 96
113 129
49 59
52 59
35 122
54 62
3 12
86 122
49 117
101 121
28 121
25 128
87 57
37 25
3 122
37 121
53 65
99 119
86 45
11 103
29 10
44 122
11 12
73 74
42 6
50 47
61 121
33 32
116 59
63 4
49 121
35 59
37 59
32 89
6 73
59 84
37 1
105 43
23 115
116 0
13 122
17 37
11 117
89 1
50 3
11 121
111 121
51 77
101 13
71 86
3 59
68 41
21 2
36 48
10 85
116 122
88 11
100 33
101 25
80 103
38 50
45 124
81 122
87 75
81 12
3 121
11 58
35 96
105 46
35 13
27 13
30 107
99 122
25 59
15 121
13 71
16 111
53 121
48 24
17 122
101 122
20 51
85 35
29 59
110 122
53 59
79 58
3 112
31 23
18 49
36 12
70 31
4 119
34 122
25 122
29 121
15 59
93 40
32 121
24 109
94 67
12 110
117 121
86 121
78 64
87 59
84 20
15 122
70 121
69 121
111 55
117 9
37 10
14 102
88 106
2 60
59 121
44 10
57 82
76 53
15 17
114 81
9 93
101 59
56 100
10 122
87 121
37 4
113 25
1 14
112 122
46 108
30 26
113 59
34 121
94 91
44 99
59 122
108 127
112 72
48 27
45 122
0 25
66 16
48 15
76 24
83 95
35 117
46 59
95 9
26 78
63 122
59 59
61 29
77 121
54 121
90 70
11 55
89 5
70 59
106 110
11 122
35 89
105 122
35 12
117 7
23 122
87 87
8 61
110 111
65 28
76 15
8 122
77 83
62 126
8 98
85 31
105 63
47 13
97 79
43 56
33 96
64 45
82 13
24 1
116 10
13 45
67 1
32 96
53 13
109 90
63 1
11 1
58 34
82 66
91 125
92 96
51 1
81 48
102 45
79 1
25 1
11 45
92 10
29 1
45 10
61 10
69 45
64 8
11 13
64 6
37 119
87 96
116 1
4 10
76 114
25 13
86 6
78 45
3 48
75 45
33 10
65 36
4 96
75 97
98 45
69 1
69 96
50 48
108 13
29 84
15 13
81 119
42 45
46 13
52 104
105 45
106 18
15 1
106 45
0 38
22 120
66 73
45 45
16 13
33 119
45 13
33 99
59 1
41 19
67 44
15 10
50 96
115 52
19 116
77 30
74 93
39 92
107 69
72 88
60 54
96 22
40 68
48 94
16 39
0 42
102 113
7 105
66 27
22 76
6 16
105 9
104 118
5 21
113 84
85 90
59 33
53 67
29 32
35 128
98 43
23 32
113 0
74 54
69 6
30 0
69 89
18 35
103 85
54 129
105 8
40 52
95 7
37 99
15 84
77 8
31 89
100 58
94 84
42 85
29 110
8 48
51 40
114 85
77 46
54 81
85 49
37 115
108 54
69 0
114 6
76 27
116 129
116 8
55 8
54 0
23 19
70 78
98 46
24 40
113 62
17 2
49 31
88 73
44 19
69 72
37 24
116 62
74 126
109 24
117 24
34 38
12 89
76 94
62 85
68 117
116 67
59 91
79 117
18 85
77 43
15 41
15 8
1 89
70 24
15 3
66 13
32 110
77 72
57 86
8 71
32 31
117 12
69 46
61 40
109 31
110 109
69 73
19 65
82 60
42 8
54 17
81 104
15 73
10 126
62 28
84 129
57 62
105 30
8 72
50 16
